71 42 38 47 74 29 2 11 5 12 58 11 40 3 39 98 79 74 96 84 68 30 56 15 92 64 61 50 34 79 
86 5 10 17 63 74 42 83 46 63 23 34 30 63 23 16 31 89 40 79 100 63 56 70 22 32 88 80 42 31 46 48 53 13 82 86 98 86 51 51 99 93 68 95 39 86 66 52 66 35 49 64 14 71 30 51 16 81 85 6 29 59 91 65 65 71 8 6 83 37 61 96 45 77 84 4 10 52 64 97 65 30 61 16 21 87 6 66 62 76 27 23 87 67 36 51 28 
100 61 32 98 18 80 6 21 56 59 23 41 69 89 7 32 89 30 50 25 44 64 66 25 55 77 77 7 5 29 51 48 56 23 75 19 99 57 82 16 36 86 77 93 83 86 28 20 91 71 91 28 49 55 98 26 22 3 51 89 9 18 33 13 24 95 79 19 20 89 72 76 87 
66 91 62 14 18 71 8 43 3 87 18 1 55 71 54 62 77 30 65 30 54 68 45 66 12 76 48 10 23 65 81 28 1 30 6 79 96 18 96 87 85 91 5 82 50 48 76 92 74 27 25 97 61 63 24 45 55 76 19 88 57 40 15 61 44 88 33 83 13 20 
26 19 94 74 34 92 63 83 99 48 20 77 42 20 68 24 4 21 26 32 79 88 27 21 80 84 84 79 32 9 4 45 
40 67 84 19 62 22 84 40 55 35 65 75 11 34 53 38 61 4 18 57 27 44 64 96 2 42 57 9 65 83 44 42 27 75 79 71 60 14 13 29 85 86 81 2 4 49 83 33 3 68 21 68 8 82 89 82 28 65 64 8 82 26 51 54 60 40 66 79 95 61 22 82 42 85 77 2 69 43 35 16 57 75 
69 46 82 68 16 75 26 46 51 36 49 
26 99 65 18 9 25 86 21 49 84 24 70 60 25 80 3 88 22 28 37 76 40 46 7 39 53 70 66 70 30 41 53 82 6 61 16 84 74 62 88 44 34 69 66 67 5 86 100 51 99 100 55 77 34 65 62 37 29 12 27 14 97 2 19 57 29 84 14 89 18 94 35 13 31 18 14 79 19 22 51 57 43 72 75 84 56 80 73 51 47 55 63 17 14 57 94 100 74 
32 5 5 93 69 82 44 64 12 48 86 81 34 
88 71 79 96 57 30 66 89 
9 93 71 55 64 73 17 45 13 39 13 13 70 29 17 79 80 37 10 
75 88 89 75 84 15 10 36 22 32 54 62 75 50 30 22 53 81 47 29 67 29 11 91 70 100 89 68 30 8 37 28 29 21 22 86 91 45 16 9 58 
6 26 57 61 91 42 24 98 18 8 83 24 60 42 42 83 37 1 
36 87 78 30 94 92 
38 85 35 95 24 59 46 80 19 50 12 65 88 89 97 34 5 94 53 46 38 41 91 82 88 69 5 91 97 10 50 73 52 90 48 96 14 22 5 9 5 49 79 62 48 26 53 2 16 1 69 22 10 59 47 55 74 
91 79 43 50 96 19 18 78 72 28 52 87 15 24 98 16 95 85 46 83 8 57 19 1 88 57 33 38 22 70 9 84 32 6 82 68 33 34 2 25 98 13 91 22 40 28 86 42 10 38 96 82 18 21 96 24 1 70 87 46 60 72 74 52 38 55 21 9 12 27 67 79 53 88 48 23 88 41 98 88 63 40 38 35 5 
72 12 23 10 82 100 59 97 15 51 32 70 16 57 42 63 93 60 20 51 90 8 54 24 90 40 17 40 2 23 32 73 79 96 82 80 
88 61 12 9 36 9 65 88 62 18 23 51 60 99 98 52 72 70 58 63 60 76 53 10 62 27 78 60 70 47 10 100 81 23 16 44 38 67 60 16 66 70 80 79 8 30 49 91 30 59 80 3 29 46 98 14 77 71 12 52 25 57 17 10 76 33 96 93 2 98 18 10 33 60 78 60 54 56 91 3 40 86 34 12 44 81 17 65 29 55 56 6 62 35 58 
90 95 40 5 87 36 37 47 46 50 48 61 69 11 31 68 23 62 84 86 4 34 59 35 43 85 42 8 78 2 89 90 82 92 47 86 61 68 28 42 78 94 80 81 29 68 90 49 64 19 80 2 43 43 59 23 27 41 26 16 28 94 15 76 78 18 71 82 80 98 18 50 52 
11 58 81 30 68 72 84 2 88 84 39 15 56 26 96 44 5 98 33 54 6 28 73 30 48 22 43 54 61 26 59 100 62 70 78 98 72 21 28 26 5 83 86 59 
69 64 46 58 76 23 73 61 94 82 90 66 28 46 71 94 3 55 53 72 74 25 14 43 20 39 44 31 9 92 60 
1 26 70 20 20 83 53 47 81 92 88 74 10 62 11 41 23 87 9 47 11 52 3 96 94 19 21 35 1 63 53 7 17 67 47 45 95 10 45 96 56 76 92 5 16 91 45 35 48 93 51 50 74 23 87 56 28 92 32 99 97 61 25 13 50 89 24 75 66 8 56 14 95 66 10 23 2 47 61 27 22 30 24 67 34 92 38 54 96 4 18 16 34 59 64 45 49 92 
20 50 27 9 49 3 83 49 45 43 73 13 89 51 72 85 13 60 18 8 95 2 27 34 97 73 38 14 43 61 5 91 33 27 65 92 40 12 60 41 49 63 79 48 49 73 92 78 37 94 47 30 21 52 83 18 36 20 71 45 78 67 22 25 40 64 
89 17 27 100 84 88 24 30 12 63 1 47 76 83 20 16 40 39 41 23 
100 71 36 77 90 33 74 38 85 31 83 89 20 67 88 68 19 92 66 30 19 23 51 33 6 16 68 96 99 12 19 33 20 40 2 70 43 27 51 55 71 98 46 42 83 60 59 9 82 79 
25 19 84 50 16 41 98 74 22 15 79 26 4 74 49 4 47 86 73 23 10 54 10 64 2 94 7 2 50 55 27 75 77 68 88 41 66 96 41 9 77 93 51 90 19 100 44 24 21 97 46 8 22 23 58 44 32 89 21 20 24 25 96 
94 53 56 40 98 13 5 73 9 18 100 98 45 62 15 40 5 15 69 66 46 67 30 72 25 96 58 3 7 51 90 51 90 19 48 65 
59 38 19 91 38 60 33 99 17 95 20 99 57 61 36 36 99 83 97 5 71 80 31 69 41 29 85 7 51 10 1 48 84 35 88 14 8 80 78 67 20 19 67 41 3 24 98 63 2 78 37 86 10 67 37 6 83 74 20 53 96 27 16 26 63 70 82 52 79 53 47 12 2 5 5 20 81 6 44 22 59 56 20 48 12 43 67 99 47 64 66 53 20 29 61 13 
4 56 43 84 45 60 57 29 17 1 36 49 66 53 40 36 44 97 28 22 46 45 43 63 38 20 100 47 77 46 18 20 5 21 9 19 90 50 17 60 
97 49 42 64 68 63 23 74 50 32 51 36 43 19 10 15 5 2 41 35 7 27 74 38 19 33 51 89 32 57 29 49 56 45 66 69 17 58 60 16 26 55 61 63 96 13 19 49 57 
95 8 13 94 20 25 100 10 12 99 8 30 80 28 39 54 83 48 76 74 4 74 11 74 64 49 61 85 89 23 62 60 72 42 48 46 36 32 
89 27 44 33 26 81 77 99 99 10 66 1 9 80 1 70 40 20 21 79 98 12 11 100 88 12 16 81 68 97 83 93 39 88 49 15 28 20 78 29 56 27 
36 3 67 56 13 1 43 81 39 68 95 82 28 87 76 15 14 49 67 17 45 13 43 60 1 67 54 26 16 35 63 21 4 96 71 93 95 17 95 64 33 29 42 48 48 95 84 62 16 90 8 26 78 60 1 69 55 77 67 99 33 100 99 83 54 2 54 34 52 20 16 64 
100 26 39 77 72 72 4 71 59 1 76 6 64 62 5 39 15 23 92 91 
81 66 16 43 54 13 45 8 60 71 23 14 86 73 29 
7 49 3 100 53 2 69 40 56 77 75 66 11 48 15 58 75 83 73 94 42 62 
3 63 17 94 79 41 2 35 45 75 5 64 79 6 87 67 67 100 33 85 30 61 46 75 20 77 2 89 23 57 89 81 95 62 63 54 78 13 98 48 14 25 29 5 20 62 58 39 70 53 64 41 47 25 92 54 21 63 9 43 27 83 93 18 16 9 96 96 88 33 90 36 62 39 96 16 34 9 95 18 87 81 
15 52 91 50 86 44 11 92 53 23 95 68 34 76 30 50 94 33 72 73 96 17 92 5 49 40 94 32 92 96 100 94 57 69 38 96 55 49 20 40 78 25 66 51 92 28 16 47 37 62 12 98 38 20 91 78 55 20 27 66 76 6 9 59 92 74 100 67 54 40 85 46 60 
84 94 12 38 36 18 43 35 
47 52 22 25 15 70 1 45 41 43 26 62 89 31 23 60 73 92 5 40 7 86 87 27 6 70 90 79 79 6 84 88 39 54 46 68 31 34 75 46 16 59 7 66 81 46 47 69 24 69 17 82 24 10 88 54 85 48 20 9 78 40 41 66 55 94 28 41 97 82 
80 88 90 69 27 68 15 63 52 65 29 43 77 70 89 96 42 68 30 9 58 24 62 88 59 57 97 71 61 49 84 77 52 78 
54 2 77 94 81 82 13 74 6 96 27 73 55 8 84 53 100 75 76 51 46 87 97 
65 95 69 23 88 100 5 24 33 77 27 98 49 10 58 38 95 26 37 97 28 2 68 53 56 51 34 6 46 38 58 80 74 16 54 12 94 72 60 20 82 37 93 36 86 26 100 97 74 95 73 4 19 67 5 80 6 15 30 44 56 13 94 8 80 96 1 12 2 33 34 57 25 85 88 5 83 1 50 92 85 81 75 32 85 73 
36 36 55 33 37 36 
78 56 89 72 62 81 21 49 22 63 82 2 17 2 7 37 26 73 93 29 18 41 30 2 65 53 41 28 44 75 3 63 88 84 5 71 33 33 12 82 12 10 84 17 21 20 21 45 33 66 27 35 33 81 16 79 77 33 40 24 71 9 59 79 45 84 52 27 95 
97 67 13 34 60 67 57 93 22 1 80 48 66 7 68 56 62 37 56 83 6 84 2 90 34 77 48 85 36 63 92 84 29 51 41 87 72 72 10 46 70 1 26 45 25 76 77 74 41 60 40 84 66 
85 33 72 92 49 19 60 6 47 2 51 80 62 43 75 34 17 10 81 70 25 70 100 96 7 82 19 6 
68 39 89 39 85 82 33 
94 90 23 25 41 75 93 75 98 12 53 54 67 97 31 32 43 97 6 54 88 31 70 56 70 50 13 22 26 77 99 69 40 42 44 36 52 91 3 11 15 26 56 41 92 77 47 
3 
98 56 63 35 85 40 40 65 4 60 7 35 54 17 29 97 89 94 60 66 81 59 75 87 95 58 42 98 5 18 33 83 48 35 18 99 100 50 39 56 77 47 39 7 99 36 38 
17 87 25 27 98 3 30 63 89 34 79 24 36 14 2 86 68 63 48 56 75 30 77 69 98 35 96 26 64 94 72 27 83 78 5 59 92 7 62 37 2 99 96 53 44 24 27 64 85 16 51 12 
100 82 25 56 47 51 55 38 45 92 54 4 86 7 33 46 24 27 29 60 92 23 
40 31 36 42 40 19 14 2 68 55 28 82 87 17 79 29 16 58 47 1 56 
70 99 31 56 37 64 56 40 96 97 63 12 23 12 28 78 14 46 53 92 68 11 50 68 9 42 67 25 23 50 60 77 33 83 69 72 53 94 26 85 1 59 67 80 76 70 13 39 59 58 65 87 26 17 76 48 61 70 34 94 25 97 55 61 60 61 85 32 81 99 76 64 76 52 60 6 25 88 5 11 26 44 93 23 82 93 84 1 18 16 
63 63 
59 91 5 17 79 34 19 89 64 11 93 9 59 97 84 4 63 68 56 73 74 59 17 22 16 55 4 14 26 90 69 61 57 66 29 74 52 68 80 23 73 56 72 97 39 15 58 60 17 73 88 2 59 69 8 90 32 6 36 21 13 91 60 28 50 81 29 30 60 53 90 98 77 41 84 82 92 21 59 99 87 
15 15 2 14 37 37 55 22 37 53 83 9 99 65 30 6 33 28 14 66 12 78 30 40 96 42 96 24 66 46 22 68 79 52 39 84 58 28 64 53 35 13 93 41 73 45 50 17 27 99 92 54 53 73 56 80 28 64 46 70 95 77 53 10 8 74 43 66 39 36 68 5 51 44 14 37 
87 11 19 49 81 3 25 1 42 22 61 48 52 90 64 45 99 91 36 78 27 4 35 85 29 94 84 13 77 34 24 3 73 41 10 78 14 55 96 97 79 26 23 80 23 24 81 5 100 90 48 94 9 12 17 87 3 76 10 92 44 
7 10 82 67 31 31 30 57 48 33 87 65 88 44 54 2 94 14 50 50 44 37 37 45 73 51 37 56 71 48 60 16 90 16 34 22 51 92 73 74 43 47 10 100 7 6 62 16 95 5 17 
50 42 7 37 95 76 49 15 4 46 65 32 51 95 22 22 64 70 66 70 39 86 65 74 87 73 70 90 86 100 20 15 59 30 22 45 36 5 63 2 76 40 51 43 28 41 27 53 73 92 73 80 31 30 9 50 
31 8 51 41 55 44 65 58 57 36 38 100 14 64 49 78 27 58 12 47 25 97 89 45 100 79 43 69 90 91 41 76 49 71 48 3 35 98 13 46 78 31 91 78 44 37 40 60 85 69 43 17 57 95 84 34 54 76 58 78 28 61 18 8 18 78 11 7 31 14 40 71 17 29 53 10 63 72 90 67 58 7 69 45 54 33 37 7 14 33 69 2 75 
53 18 27 10 27 13 4 63 47 12 8 45 2 7 50 98 31 62 40 48 37 99 21 26 41 87 98 98 27 36 56 94 30 58 26 13 11 74 36 95 60 59 52 73 99 33 39 75 85 82 93 55 30 31 69 54 64 
16 68 1 74 67 23 25 67 15 67 25 77 25 41 94 15 88 78 22 31 76 45 44 48 9 98 22 23 21 67 18 58 33 87 8 44 49 91 64 9 90 40 37 93 12 24 40 71 93 72 96 77 63 98 58 85 45 74 62 68 58 13 85 87 37 96 2 65 91 41 25 23 65 40 91 77 8 85 96 6 18 40 36 55 73 44 85 47 92 34 76 27 40 32 71 20 24 18 10 89 
67 88 93 92 41 17 22 87 41 68 24 67 56 31 26 71 29 20 39 43 30 70 70 31 6 83 36 80 25 95 84 96 53 70 92 10 50 44 10 7 66 90 41 25 91 84 53 35 50 1 16 43 75 25 68 46 15 70 28 10 51 62 44 69 2 45 13 40 7 23 89 14 4 69 75 5 55 82 2 7 19 2 56 38 14 2 29 74 41 8 11 11 98 75 36 72 
38 88 47 94 68 25 6 79 57 66 46 85 7 46 48 33 69 44 20 61 98 42 15 10 81 76 23 89 75 31 13 100 40 47 74 97 31 42 57 81 67 89 40 56 75 74 22 91 46 31 78 13 9 16 41 81 21 25 83 88 33 18 45 1 30 76 46 12 13 75 69 13 87 78 57 82 35 
85 60 91 75 59 75 65 
70 100 39 20 48 26 36 61 83 7 36 91 29 53 
16 4 45 76 45 26 72 36 10 15 64 
70 27 93 85 45 56 23 94 24 13 60 10 64 78 23 100 70 91 33 9 91 54 83 31 24 16 80 45 80 28 26 83 84 58 5 4 15 30 76 40 49 72 2 47 19 35 66 4 11 26 7 65 45 50 30 19 22 9 93 72 93 100 26 79 7 80 100 90 13 21 
11 71 92 100 36 37 1 66 57 30 20 26 90 23 98 28 15 94 60 67 10 99 43 78 69 38 35 20 89 25 22 61 21 11 39 55 65 75 70 98 95 72 42 71 47 25 17 3 28 68 53 32 83 11 82 16 76 68 31 13 61 67 93 72 18 43 48 33 87 23 21 2 18 18 47 58 81 98 91 33 74 34 15 71 55 33 90 1 56 84 100 60 87 
4 27 85 23 50 77 64 83 8 44 59 44 7 67 65 7 36 54 2 80 64 10 65 53 27 66 45 53 69 32 83 12 36 38 11 6 81 78 28 67 26 69 45 43 4 80 35 57 10 78 71 7 9 42 55 64 6 63 28 32 71 100 61 94 51 94 2 62 9 87 4 13 60 65 60 57 23 93 20 36 37 24 89 75 79 3 35 26 77 
10 64 90 14 52 56 79 80 19 72 68 44 5 98 4 92 7 29 50 47 84 49 87 49 36 22 34 42 48 95 8 70 97 73 89 87 26 53 10 26 1 62 1 88 37 80 60 38 17 33 19 97 29 27 20 85 27 56 98 47 31 18 6 44 7 90 75 1 81 47 39 71 54 
73 19 67 66 93 60 48 96 54 45 56 27 1 26 
95 12 38 86 3 10 38 2 84 96 73 56 14 68 68 87 95 35 71 57 16 22 46 48 34 20 73 24 86 28 30 55 95 49 5 67 72 14 56 74 5 12 51 79 78 65 
31 86 2 60 65 83 47 69 94 13 86 16 17 27 100 80 95 32 48 5 47 9 55 14 72 15 7 14 27 77 30 77 64 58 28 67 83 19 5 70 88 84 32 67 53 44 97 79 74 46 13 45 90 45 68 39 21 10 84 46 90 25 21 35 4 83 59 29 83 19 1 88 25 86 52 59 12 
95 52 2 5 70 76 25 22 74 89 39 71 78 5 67 26 5 66 70 79 74 89 21 14 55 37 7 19 9 77 86 88 57 20 7 16 72 21 85 22 23 23 35 100 89 57 39 42 38 59 75 72 67 94 18 33 60 73 99 8 13 75 44 53 
28 14 80 9 41 2 24 5 46 52 73 31 34 90 17 91 60 44 21 63 83 14 90 55 47 71 36 42 98 11 49 6 48 71 7 11 78 69 
23 44 2 84 83 68 71 27 75 40 36 4 60 86 26 4 51 66 21 56 66 51 16 21 64 77 82 30 80 17 50 14 8 1 19 61 21 99 35 90 45 33 86 23 11 23 77 78 49 47 14 69 72 8 91 84 53 34 34 88 48 14 74 46 71 59 62 92 7 36 94 18 
77 4 88 99 24 10 65 81 94 37 63 34 33 30 74 100 84 10 57 54 51 46 44 94 11 44 36 98 47 85 26 46 58 55 99 10 9 22 48 59 29 12 41 82 90 84 28 90 19 13 33 56 52 28 47 88 13 5 29 87 87 38 35 17 83 80 49 18 89 83 26 93 93 88 85 100 66 70 36 49 91 82 70 11 
82 54 72 80 84 26 42 50 87 23 98 91 47 50 44 66 60 69 59 32 19 89 73 99 75 46 6 53 53 99 81 88 54 74 6 11 10 38 69 76 49 30 58 98 71 84 88 96 61 51 88 94 84 49 24 87 10 89 65 76 23 6 77 11 46 53 38 87 97 35 31 98 7 54 51 12 72 97 12 9 64 58 24 85 80 90 6 50 91 88 
23 55 53 33 99 69 21 97 4 47 59 44 45 12 96 38 17 22 12 93 5 8 30 53 32 31 91 16 20 87 35 51 12 72 89 18 67 90 15 74 31 14 23 62 81 5 91 25 65 90 32 14 80 23 3 77 41 90 66 46 72 64 41 58 11 41 44 76 
10 45 47 32 91 29 29 21 20 65 79 39 26 78 4 55 30 62 77 40 7 56 32 90 26 82 7 9 6 18 28 98 34 70 66 38 69 88 58 44 24 55 74 38 76 41 15 86 38 73 12 12 67 50 18 69 72 80 76 38 100 4 97 87 79 30 24 35 51 25 52 100 89 12 41 54 54 37 50 79 12 56 92 77 
9 66 21 51 99 90 74 20 71 30 52 15 10 69 23 86 58 72 26 76 31 70 35 13 45 39 97 
30 63 16 32 81 28 15 95 49 60 58 49 38 93 36 86 90 37 84 62 20 55 18 1 95 62 15 53 15 29 90 46 60 11 69 56 92 57 93 8 45 46 
61 58 72 37 44 3 24 80 51 100 61 62 
2 93 29 88 85 15 93 86 42 50 68 41 88 81 35 91 10 99 88 52 92 83 67 20 70 
99 12 25 52 57 73 58 24 16 44 8 72 64 71 95 99 16 75 62 40 25 65 52 70 95 67 55 96 100 79 81 14 31 65 89 38 47 20 1 22 37 59 18 31 20 93 20 42 39 71 38 6 60 
9 99 98 83 3 34 1 76 86 9 31 21 39 17 13 48 55 31 62 5 77 43 46 82 8 19 58 29 17 75 49 11 91 49 43 64 51 14 30 11 94 62 
96 36 73 66 71 91 96 56 86 57 29 32 73 85 4 25 72 34 26 1 1 15 29 34 74 60 77 9 53 20 86 65 37 59 
27 88 91 89 85 78 23 86 82 26 45 44 14 
56 13 87 46 93 84 74 76 100 78 54 45 21 2 58 64 9 7 22 38 59 84 79 40 1 31 21 37 33 20 86 33 36 43 77 84 85 41 25 38 21 28 6 17 97 75 53 36 93 5 74 86 6 50 89 93 80 49 64 94 31 66 49 19 
84 44 90 38 53 18 70 91 70 83 69 93 72 29 85 40 89 31 43 99 71 86 95 46 80 27 73 4 7 44 57 82 
58 33 89 56 96 64 20 1 25 96 31 5 3 100 97 64 84 60 56 4 16 99 94 9 57 69 86 61 100 80 87 59 6 91 77 80 61 75 36 61 13 57 81 33 15 59 47 
83 35 10 10 97 39 
20 72 76 30 89 74 30 90 7 4 75 77 10 4 48 89 16 79 55 69 46 79 47 59 84 68 79 34 54 30 66 55 88 73 28 83 72 22 75 2 58 83 63 72 57 90 48 14 25 12 91 47 58 88 6 4 29 23 9 46 28 77 21 63 32 19 100 1 21 41 61 46 76 22 
23 98 62 31 14 39 27 1 77 45 26 5 61 31 87 96 85 57 49 1 15 30 21 89 41 9 46 82 87 86 24 75 11 53 96 16 42 84 5 76 78 5 92 91 26 31 21 29 30 27 74 30 21 55 76 7 94 6 30 95 34 92 73 62 94 1 100 90 41 72 3 69 
52 24 88 56 49 65 26 93 48 22 96 39 14 40 56 38 94 56 32 7 15 83 51 25 30 67 37 15 72 56 80 47 49 65 49 8 100 5 62 100 47 66 39 2 32 8 30 88 79 16 8 59 80 28 25 19 76 81 27 14 88 76 23 1 28 34 34 99 78 70 2 16 2 58 76 38 33 29 35 28 44 30 64 51 14 61 60 70 92 
20 41 77 23 34 4 31 42 50 73 95 30 34 76 3 30 67 60 72 86 45 77 38 32 62 96 68 
19 46 96 43 27 87 38 95 68 55 4 73 4 6 57 29 93 39 56 94 13 90 29 81 88 82 80 93 53 49 13 59 17 16 64 93 73 29 100 24 60 22 85 46 62 13 40 46 17 75 36 50 92 2 5 44 6 8 18 20 82 99 85 2 7 62 65 25 48 20 45 7 98 12 
