10000
1383
33459
16729
8364
36950
51243
58389
29194
47365
23682
11841
38688
52112
26056
45796
22898
44217
54876
27438
46487
23243
11621
38578
52057
26028
45782
55659
60597
63066
64301
32150
48843
24421
44978
55257
27628
46582
23291
44413
22206
43871
54703
27351
13675
39605
52570
59053
29526
47531
56533
28266
14133
39834
52685
59110
29555
14777
40156
20078
42807
54171
27085
46310
23155
11577
38556
19278
9639
37587
51561
58548
29274
47405
23702
44619
22309
43922
21961
10980
5490
35513
50524
25262
45399
22699
44117
22058
11029
5514
35525
17762
41649
20824
43180
54358
59947
62741
31370
48453
24226
44881
55208
27604
46570
23285
44410
22205
11102
5551
2775
1387
33461
49498
57517
28758
47147
56341
28170
46853
23426
11713
38624
52080
58808
29404
14702
40119
52827
26413
13206
39371
19685
42610
54073
59804
29902
14951
40243
20121
10060
5030
2515
34025
49780
24890
12445
38990
19495
42515
54025
27012
46274
23137
11568
38552
52044
26022
13011
39273
52404
26202
45869
22934
44235
22117
43826
54681
27340
13670
6835
3417
1708
33622
49579
57557
28778
14389
39962
52749
59142
62339
63937
64736
65136
65336
32668
16334
8167
36851
18425
41980
53758
59647
29823
14911
7455
36495
51015
25507
12753
39144
19572
9786
4893
35214
17607
8803
4401
2200
33868
16934
8467
37001
18500
42018
53777
59656
62596
64066
32033
16016
8008
36772
18386
9193
37364
18682
9341
4670
35103
50319
57927
28963
14481
40008
52772
26386
13193
6596
36066
50801
25400
12700
6350
3175
34355
17177
8588
4294
34915
17457
8728
37132
18566
42051
53793
26896
13448
39492
52514
59025
62280
63908
31954
15977
40756
20378
42957
54246
27123
13561
39548
52542
59039
62287
63911
64723
65129
65332
32666
49101
57318
28659
14329
39932
52734
59135
29567
14783
7391
36463
18231
41883
20941
43238
21619
10809
38172
19086
9543
4771
2385
33960
16980
41258
20629
10314
37925
51730
25865
12932
39234
19617
9808
4904
2452
33994
49765
57650
61593
30796
15398
7699
36617
18308
41922
20961
10480
38008
19004
42270
21135
43335
21667
10833
38184
19092
42314
53925
59730
29865
47700
56618
28309
14154
39845
52690
26345
45940
22970
11485
38510
52023
58779
29389
47462
23731
11865
5932
35734
50635
25317
45426
55481
60508
30254
47895
23947
11973
5986
35761
17880
41708
53622
26811
46173
55854
60695
30347
15173
7586
36561
51048
25524
12762
39149
19574
9787
37661
51598
25799
12899
6449
3224
34380
17190
8595
37065
18532
9266
37401
18700
9350
37443
51489
25744
12872
39204
19602
9801
4900
2450
1225
612
306
32921
16460
8230
4115
34825
17412
41474
20737
43136
21568
10784
38160
19080
42308
53922
59729
62632
31316
48426
24213
12106
38821
52178
26089
45812
22906
11453
5726
2863
1431
715
357
32946
49241
24620
45078
55307
27653
13826
6913
36224
18112
9056
37296
51416
58476
62006
31003
15501
40518
53027
26513
46024
55780
27890
46713
56124
60830
30415
47975
56755
28377
14188
39862
19931
9965
4982
2491
34013
49774
57655
61595
30797
48166
24083
44809
22404
43970
21985
10992
38264
19132
42334
21167
10583
5291
35413
17706
8853
4426
34981
50258
25129
45332
55434
60485
30242
47889
56712
61124
63330
64433
32216
48876
57206
28603
47069
56302
60919
63227
64381
32190
48863
57199
28599
47067
23533
11766
5883
35709
17854
41695
53615
26807
46171
23085
11542
38539
19269
9634
37585
51560
25780
12890
39213
19606
42571
21285
43410
21705
10852
5426
35481
17740
8870
4435
34985
50260
57898
28949
14474
40005
20002
42769
54152
59844
62690
64113
32056
16028
8014
4007
34771
50153
57844
28922
14461
7230
36383
50959
58247
29123
47329
23664
44600
22300
11150
5575
2787
1393
696
348
174
32855
16427
40981
20490
43013
21506
10753
38144
19072
9536
4768
35152
17576
8788
37162
18581
9290
37413
51474
25737
12868
39202
52369
58952
62244
31122
15561
7780
3890
34713
17356
8678
4339
2169
33852
49694
24847
45191
22595
44065
22032
11016
38276
51906
25953
12976
39256
52396
58966
62251
63893
31946
48741
57138
61337
30668
15334
7667
3833
34684
50110
57823
61679
30839
48187
56861
61198
30599
15299
40417
20208
42872
21436
43486
21743
10871
38203
51869
58702
29351
47443
56489
61012
63274
31637
15818
40677
53106
59321
62428
31214
48375
56955
61245
30622
15311
40423
52979
26489
46012
55774
27887
13943
39739
52637
59086
29543
47539
23769
11884
38710
19355
9677
37606
18803
9401
37468
18734
42135
21067
10533
38034
19017
9508
4754
2377
1188
594
297
32916
49226
57381
61458
30729
15364
40450
20225
42880
21440
10720
38128
51832
25916
45726
22863
44199
54867
60201
62868
64202
64869
65202
65369
32684
49110
57323
61429
63482
31741
15870
40703
20351
10175
5087
35311
17655
41595
53565
26782
13391
39463
52499
59017
29508
47522
56529
61032
30516
15258
40397
52966
26483
13241
39388
19694
42615
54075
59805
62670
31335
48435
24217
12108
6054
3027
34281
49908
24954
12477
6238
3119
1559
779
389
194
97
48
32792
49164
24582
45059
55297
60416
30208
15104
7552
3776
1888
33712
49624
57580
61558
30779
48157
56846
28423
14211
39873
52704
59120
62328
31164
48350
24175
12087
38811
19405
42470
21235
10617
38076
51806
25903
12951
6475
3237
34386
17193
41364
53450
59493
62514
64025
32012
16006
40771
53153
26576
13288
6644
3322
1661
830
33183
49359
57447
61491
30745
15372
7686
36611
51073
58304
29152
47344
56440
28220
46878
23439
44487
22243
11121
5560
2780
1390
33463
49499
24749
12374
38955
52245
26122
45829
22914
11457
38496
52016
58776
62156
31078
15539
7769
3884
34710
50123
25061
45298
55417
60476
63006
31503
48519
24259
44897
22448
43992
54764
60150
30075
47805
23902
11951
5975
2987
34261
17130
8565
37050
18525
42030
53783
26891
13445
6722
3361
1680
840
33188
16594
8297
36916
18458
41997
53766
59651
62593
64064
32032
48784
24392
44964
22482
11241
38388
19194
9597
4798
35167
50351
25175
12587
39061
19530
42533
54034
27017
13508
39522
52529
26264
45900
22950
11475
38505
52020
26010
45773
55654
27827
13913
6956
36246
50891
25445
45490
55513
27756
46646
23323
11661
38598
52067
26033
13016
39276
52406
26203
13101
6550
36043
18021
41778
53657
26828
13414
6707
3353
1676
838
33187
16593
41064
20532
10266
37901
51718
58627
62081
63808
31904
48720
24360
12180
38858
52197
58866
62201
63868
64702
65119
65327
32663
16331
8165
36850
51193
58364
61950
63743
31871
15935
7967
36751
51143
25571
12785
6392
3196
34366
49951
57743
61639
30819
15409
7704
36620
18310
41923
53729
26864
46200
23100
44318
22159
43847
21923
10961
38248
19124
9562
37549
18774
42155
53845
26922
13461
6730
36133
50834
25417
12708
6354
3177
34356
17178
41357
53446
59491
29745
14872
40204
20102
42819
54177
27088
13544
6772
3386
1693
33614
16807
41171
53353
59444
29722
47629
56582
61059
63297
64416
64976
32488
16244
8122
4061
34798
50167
57851
61693
30846
48191
24095
44815
55175
27587
46561
23280
44408
22204
43870
21935
10967
5483
35509
50522
58029
29014
47275
56405
28202
14101
7050
36293
18146
41841
20920
10460
5230
35383
50459
25229
45382
55459
27729
46632
23316
44426
54981
27490
46513
23256
44396
54966
27483
13741
6870
36203
50869
58202
61869
30934
48235
56885
61210
63373
64454
64995
32497
16248
8124
36830
18415
9207
37371
51453
25726
45631
22815
44175
54855
27427
13713
39624
52580
26290
45913
22956
44246
54891
60213
62874
64205
64870
32435
16217
8108
36822
51179
58357
61946
30973
15486
40511
20255
42895
54215
27107
13553
6776
3388
34462
17231
41383
53459
59497
62516
31258
48397
56966
61251
63393
31696
15848
7924
3962
1981
990
495
247
32891
49213
24606
12303
38919
19459
42497
54016
27008
13504
6752
36144
50840
58188
29094
14547
40041
52788
26394
45965
55750
60643
30321
15160
7580
3790
1895
33715
16857
8428
36982
18491
42013
53774
26887
13443
39489
52512
59024
29512
47524
23762
11881
38708
19354
42445
53990
26995
13497
39516
19758
42647
21323
10661
38098
19049
42292
21146
43341
54438
27219
46377
55956
60746
63141
64338
32169
48852
57194
28597
47066
56301
28150
14075
39805
19902
42719
54127
27063
46299
23149
11574
5787
2893
34214
17107
41321
53428
26714
46125
23062
44299
22149
11074
5537
2768
1384
692
346
32941
16470
41003
53269
26634
46085
23042
11521
38528
19264
9632
37584
18792
9396
4698
35117
17558
41547
20773
43154
21577
10788
5394
2697
1348
33442
49489
57512
28756
47146
23573
11786
38661
19330
9665
37600
51568
58552
29276
14638
40087
20043
10021
37778
18889
9444
4722
35129
50332
25166
12583
39059
52297
26148
13074
6537
3268
34402
49969
24984
45260
22630
11315
5657
2828
1414
33475
49505
24752
45144
55340
60438
62987
31493
15746
7873
36704
51120
58328
61932
63734
31867
48701
24350
12175
38855
19427
9713
4856
2428
33982
49759
57647
28823
14411
7205
36370
18185
9092
37314
18657
9328
37432
18716
9358
4679
2339
1169
33352
49444
24722
12361
6180
3090
1545
772
33154
16577
41056
53296
59416
62476
31238
48387
56961
61248
30624
48080
24040
12020
6010
3005
1502
751
375
32955
49245
57390
61463
30731
15365
7682
3841
34688
17344
8672
37104
51320
25660
45598
22799
44167
22083
43809
21904
10952
38244
19122
42329
21164
43350
54443
59989
29994
14997
7498
36517
51026
25513
45524
55530
27765
46650
23325
44430
22215
11107
5553
2776
34156
49846
24923
12461
6230
35883
50709
25354
45445
22722
11361
5680
35608
50572
25286
45411
22705
11352
38444
51990
58763
29381
14690
40113
20056
42796
54166
59851
29925
47730
56633
61084
30542
15271
40403
52969
59252
29626
14813
40174
52855
59195
62365
63950
31975
48755
24377
44956
22478
11239
38387
19193
42364
53950
59743
62639
31319
15659
40597
20298
42917
54226
27113
46324
23162
11581
5790
2895
34215
49875
57705
61620
30810
48173
24086
44811
22405
11202
5601
2800
34168
17084
41310
20655
10327
5163
35349
17674
41605
20802
10401
5200
2600
1300
33418
49477
24738
45137
55336
27668
46602
56069
28034
14017
39776
52656
59096
62316
63926
31963
15981
7990
3995
1997
33766
16883
8441
36988
51262
58399
61967
63751
31875
48705
57120
61328
30664
48100
24050
44793
55164
60350
62943
64239
32119
48827
57181
61358
63447
31723
48629
57082
28541
14270
39903
52719
26359
45947
55741
27870
13935
6967
36251
18125
41830
20915
10457
5228
35382
17691
8845
37190
51363
25681
45608
22804
44170
54853
27426
46481
56008
60772
30386
47961
23980
44758
55147
60341
62938
64237
32118
16059
40797
53166
59351
29675
47605
56570
28285
14142
39839
52687
59111
62323
31161
48348
24174
44855
55195
27597
46566
23283
11641
38588
52062
26031
13015
6507
36021
50778
58157
29078
47307
23653
44594
55065
27532
13766
39651
19825
9912
4956
2478
34007
17003
41269
53402
59469
62502
31251
48393
24196
44866
22433
11216
5608
2804
1402
701
350
175
87
43
32789
16394
40965
20482
10241
37888
18944
9472
4736
2368
1184
33360
16680
8340
36938
51237
58386
29193
14596
40066
20033
42784
54160
27080
46308
23154
44345
54940
27470
13735
39635
52585
59060
29530
47533
23766
44651
55093
60314
62925
64230
32115
16057
40796
20398
42967
21483
43509
54522
27261
13630
39583
52559
59047
62291
63913
64724
65130
32565
49050
57293
61414
30707
15353
40444
52990
59263
29631
14815
40175
20087
42811
54173
59854
29927
47731
23865
44700
22350
11175
38355
51945
58740
29370
14685
40110
52823
26411
45973
22986
44261
54898
60217
62876
31438
15719
40627
20313
10156
37846
51691
58613
62074
31037
15518
7759
36647
51091
58313
29156
14578
40057
52796
59166
29583
47559
23779
11889
5944
2972
1486
743
33139
16569
41052
20526
43031
21515
10757
5378
2689
34112
17056
41296
20648
10324
37930
18965
9482
37509
18754
9377
4688
2344
1172
33354
49445
57490
28745
14372
7186
3593
1796
33666
16833
41184
53360
59448
29724
14862
7431
3715
34625
50080
57808
28904
14452
7226
3613
34574
17287
8643
37089
18544
42040
21020
10510
5255
2627
34081
17040
8520
37028
18514
9257
37396
51466
58501
29250
14625
7312
3656
34596
17298
8649
4324
2162
33849
49692
24846
12423
6211
35873
17936
8968
37252
51394
25697
12848
39192
52364
26182
45859
22929
44232
54884
27442
46489
23244
11622
5811
2905
1452
33494
49515
57525
61530
63533
31766
48651
24325
12162
6081
35808
50672
58104
29052
47294
56415
60975
30487
15243
7621
3810
34673
17336
8668
4334
34935
50235
57885
61710
30855
15427
40481
20240
10120
37828
51682
58609
29304
14652
40094
20047
42791
54163
59849
29924
14962
40249
52892
26446
13223
39379
52457
58996
29498
14749
40142
20071
42803
21401
10700
5350
2675
1337
33436
16718
8359
36947
51241
58388
61962
63749
31874
15937
40736
53136
26568
46052
23026
44281
54908
60222
62879
64207
64871
65203
32601
16300
40918
53227
59381
62458
31229
15614
40575
20287
10143
37839
51687
58611
29305
47420
56478
28239
46887
56211
60873
30436
15218
40377
52956
26478
46007
55771
27885
13942
6971
36253
50894
25447
45491
22745
11372
38454
19227
9613
37574
51555
25777
12888
39212
52374
58955
29477
47506
23753
11876
5938
35737
17868
8934
4467
2233
33884
16942
41239
20619
10309
5154
35345
50440
57988
61762
30881
15440
7720
3860
34698
50117
25058
45297
22648
11324
38430
19215
42375
21187
43361
21680
43608
54572
60054
62795
31397
48466
24233
44884
55210
27605
13802
6901
36218
18109
9054
4527
2263
1131
33333
49434
57485
61510
63523
31761
48648
57092
61314
30657
48096
56816
61176
30588
48062
56799
61167
30583
48059
56797
61166
63351
64443
64989
65262
65399
65467
65501
65518
65527
65531
65533
32766
49151
24575
12287
6143
3071
1535
767
383
191
95
32815
16407
8203
4101
2050
1025
33280
16640
8320
4160
2080
33808
16904
41220
53378
26689
46112
55824
27912
46724
56130
28065
14032
7016
3508
1754
33645
16822
8411
4205
2102
1051
525
33030
49283
57409
61472
63504
31752
48644
57090
28545
47040
23520
44528
55032
27516
46526
56031
60783
30391
47963
23981
11990
38763
52149
58842
62189
31094
15547
40541
53038
59287
29643
14821
40178
52857
59196
62366
31183
48359
56947
28473
47004
23502
11751
38643
19321
42428
53982
26991
13495
39515
19757
9878
37707
18853
42194
21097
43316
21658
43597
54566
27283
46409
23204
11602
5801
35668
50602
25301
12650
6325
35930
50733
25366
45451
22725
11362
38449
19224
42380
21190
43363
21681
10840
38188
51862
58699
29349
47442
23721
44628
55082
27541
13770
39653
52594
59065
62300
31150
48343
24171
44853
55194
60365
62950
31475
15737
40636
53086
26543
13271
6635
36085
50810
25405
12702
6351
35943
50739
25369
12684
6342
35939
17969
8984
37260
18630
42083
21041
10520
38028
19014
42275
21137
43336
54436
27218
13609
39572
52554
59045
62290
31145
48340
56938
28469
47002
56269
60902
30451
15225
40380
52958
26479
13239
39387
19693
9846
4923
35229
50382
25191
45363
22681
11340
5670
2835
34185
17092
41314
53425
26712
46124
55830
60683
30341
15170
7585
3792
1896
948
474
33005
16502
8251
36893
51214
25607
12803
39169
52352
26176
13088
39312
19656
42596
21298
43417
21708
10854
5427
2713
1356
678
339
32937
49236
57386
28693
14346
39941
19970
9985
37760
18880
9440
37488
51512
25756
12878
6439
35987
50761
25380
12690
6345
3172
1586
33561
16780
8390
36963
18481
9240
37388
18694
42115
53825
59680
62608
31304
48420
24210
12105
6052
3026
1513
33524
16762
8381
4190
2095
1047
523
261
130
65
32800
49168
24584
45060
55298
27649
46592
23296
11648
5824
2912
34224
49880
57708
61622
30811
15405
7702
36619
18309
9154
4577
2288
33912
16956
41246
20623
43079
21539
10769
38152
51844
58690
29345
14672
7336
3668
34602
17301
8650
37093
51314
58425
61980
30990
15495
7747
36641
18320
9160
37348
18674
42105
53820
59678
29839
47687
23843
11921
38728
52132
26066
13033
39284
19642
9821
37678
51607
25803
12901
39218
52377
26188
13094
6547
36041
18020
9010
37273
18636
9318
4659
2329
1164
582
33059
16529
41032
53284
26642
13321
6660
36098
18049
41792
20896
43216
21608
10804
5402
35469
50502
58019
29009
47272
23636
44586
22293
11146
38341
19170
42353
21176
10588
5294
35415
17707
41621
20810
43173
54354
27177
46356
55946
60741
30370
47953
56744
28372
46954
23477
44506
55021
27510
13755
39645
52590
59063
62299
31149
15574
40555
53045
59290
62413
63974
31987
15993
40764
53150
26575
46055
55795
27897
46716
56126
60831
63183
64359
64947
32473
16236
40886
20443
10221
5110
2555
34045
17022
41279
20639
43087
54311
59923
62729
31364
48450
24225
12112
6056
3028
34282
17141
41338
20669
10334
5167
2583
1291
645
322
161
80
40
20
32778
49157
24578
12289
38912
19456
9728
4864
2432
1216
608
33072
49304
57420
28710
14355
39945
19972
42754
21377
43456
21728
43632
54584
27292
13646
6823
36179
50857
58196
61866
30933
15466
7733
36634
51085
58310
61923
30961
15480
7740
36638
18319
41927
20963
10481
5240
2620
34078
17039
41287
20643
10321
37928
18964
42250
53893
26946
13473
6736
3368
1684
33610
49573
57554
28777
47156
23578
44557
55046
60291
62913
64224
64880
65208
32604
16302
40919
20459
42997
54266
27133
13566
39551
19775
9887
37711
51623
58579
62057
63796
31898
48717
57126
28563
47049
23524
11762
38649
52092
58814
62175
63855
31927
48731
24365
12182
38859
19429
42482
54009
59772
62654
64095
64815
32407
16203
8101
36818
18409
41972
20986
10493
5246
35391
17695
41615
53575
26787
13393
39464
19732
42634
54085
27042
46289
55912
27956
13978
39757
52646
26323
45929
55732
27866
46701
23350
11675
5837
35686
17843
8921
4460
34998
17499
8749
4374
34955
17477
8738
37137
51336
58436
61986
63761
64648
65092
65314
65425
65480
65508
32754
49145
57340
61438
63487
31743
15871
7935
3967
1983
991
33263
16631
41083
53309
26654
13327
39431
19715
42625
54080
27040
46288
23144
11572
5786
35661
50598
25299
45417
55476
27738
46637
23318
44427
22213
11106
38321
19160
42348
53942
26971
13485
6742
36139
50837
25418
45477
55506
27753
46644
23322
44429
54982
60259
30129
15064
40300
52918
26459
13229
6614
36075
50805
58170
29085
47310
23655
44595
22297
11148
5574
35555
17777
8888
4444
2222
33879
16939
41237
20618
43077
21538
43537
54536
60036
62786
31393
15696
7848
3924
34730
17365
8682
4341
34938
17469
8734
4367
34951
17475
41505
20752
10376
37956
51746
58641
62088
63812
64674
65105
65320
32660
49098
57317
61426
63481
64508
65022
65279
32639
16319
8159
36847
18423
41979
53757
26878
46207
23103
11551
38543
52039
26019
13009
39272
19636
9818
37677
18838
42187
21093
43314
54425
27212
13606
6803
36169
18084
9042
4521
35028
50282
25141
45338
55437
60486
63011
31505
48520
57028
61282
63409
31704
48620
57078
28539
47037
23518
11759
5879
35707
50621
25310
12655
6327
35931
17965
8982
37259
18629
9314
37425
18712
42124
21062
43299
21649
43592
54564
27282
13641
6820
3410
1705
33620
49578
24789
12394
6197
35866
50701
58118
61827
63681
64608
65072
65304
65420
32710
49123
24561
12280
6140
35838
50687
25343
12671
6335
3167
34351
17175
8587
4293
2146
33841
16920
41228
20614
43075
54305
27152
13576
39556
52546
26273
13136
6568
3284
34410
17205
41370
53453
59494
29747
14873
7436
3718
34627
50081
25040
12520
6260
3130
1565
33550
16775
8387
36961
18480
42008
53772
26886
46211
55873
60704
63120
31560
48548
24274
12137
38836
19418
42477
21238
10619
38077
19038
9519
4759
2379
1189
33362
16681
41108
53322
59429
62482
31241
15620
40578
20289
42912
54224
27112
13556
6778
3389
1694
847
33191
49363
57449
61492
30746
48141
56838
61187
63361
64448
32224
48880
57208
28604
47070
23535
11767
38651
52093
26046
45791
55663
27831
46683
23341
11670
38603
19301
42418
53977
26988
46262
23131
11565
5782
35659
17829
41682
20841
43188
21594
43565
21782
43659
21829
10914
38225
51880
25940
45738
22869
11434
5717
2858
1429
714
33125
49330
57433
28716
47126
56331
28165
14082
7041
36288
18144
41840
53688
26844
13422
39479
52507
26253
45894
55715
27857
46696
23348
11674
38605
52070
26035
13017
6508
36022
18011
9005
4502
35019
17509
41522
53529
26764
13382
39459
19729
42632
54084
59810
62673
64104
32052
16026
40781
53158
26579
46057
55796
27898
13949
6974
36255
50895
58215
61875
30937
15468
40502
20251
10125
37830
51683
25841
12920
6460
35998
17999
41767
53651
59593
29796
14898
40217
20108
10054
37795
18897
42216
21108
10554
5277
35406
17703
41619
53577
26788
13394
6697
36116
50826
58181
29090
47313
56424
28212
14106
39821
52678
59107
29553
14776
7388
3694
34615
50075
25037
45286
22643
11321
38428
19214
9607
4803
35169
17584
41560
53548
59542
62539
31269
48402
24201
12100
38818
52177
58856
29428
14714
7357
3678
1839
919
459
229
32882
49209
57372
28686
14343
7171
36353
50944
25472
12736
6368
35952
50744
25372
12686
6343
3171
1585
792
33164
16582
41059
20529
10264
37900
18950
42243
53889
59712
29856
47696
23848
11924
38730
52133
58834
29417
47476
23738
11869
38702
52119
26059
13029
39282
52409
58972
29486
47511
23755
11877
38706
52121
26060
13030
6515
3257
34396
17198
41367
20683
10341
37938
51737
25868
12934
39235
52385
26192
13096
6548
36042
50789
58162
61849
30924
15462
7731
3865
1932
966
33251
16625
8312
4156
34846
17423
41479
20739
43137
54336
27168
46352
23176
44356
54946
60241
62888
31444
48490
24245
44890
55213
27606
46571
56053
60794
30397
15198
7599
3799
1899
33717
49626
57581
28790
14395
39965
52750
26375
13187
39361
52448
58992
62264
31132
15566
7783
36659
18329
9164
4582
2291
1145
33340
49438
24719
45127
22563
11281
38408
51972
58754
29377
47456
56496
61016
63276
64406
64971
32485
49010
57273
61404
30702
48119
56827
61181
30590
48063
24031
44783
22391
43963
54749
60142
62839
64187
64861
65198
65367
32683
49109
24554
12277
38906
19453
9726
37631
18815
9407
4703
35119
17559
8779
4389
34962
17481
8740
4370
2185
1092
33314
49425
57480
61508
63522
64529
65032
65284
65410
32705
49120
57328
61432
30716
48126
56831
28415
14207
7103
3551
34543
17271
41403
53469
59502
62519
64027
32013
48774
57155
61345
30672
15336
7668
3834
1917
958
33247
49391
24695
45115
55325
60430
30215
15107
40321
52928
26464
46000
55768
60652
63094
31547
48541
57038
28519
47027
23513
11756
38646
19323
42429
21214
10607
5303
35419
17709
8854
37195
18597
42066
21033
43284
54410
59973
29986
47761
56648
61092
30546
15273
40404
52970
26485
46010
23005
44270
54903
60219
62877
64206
32103
48819
24409
12204
38870
52203
58869
62202
31101
15550
40543
53039
26519
13259
6629
36082
50809
58172
61854
30927
48231
56883
28441
14220
7110
36323
18161
9080
4540
35038
17519
8759
37147
18573
42054
53795
26897
46216
55876
60706
63121
64328
64932
32466
16233
40884
20442
42989
21494
10747
38141
19070
42303
21151
43343
54439
59987
62761
64148
64842
65189
65362
32681
49108
57322
28661
47098
23549
11774
38655
19327
9663
4831
35183
17591
41563
20781
10390
37963
18981
42258
21129
10564
38050
51793
58664
29332
47434
56485
61010
30505
48020
56778
61157
63346
64441
64988
32494
49015
57275
61405
63470
64503
65019
65277
32638
49087
24543
45039
22519
44027
54781
27390
46463
23231
11615
38575
19287
9643
37589
18794
9397
37466
51501
25750
45643
22821
44178
22089
11044
5522
2761
1380
690
33113
16556
41046
53291
59413
29706
47621
23810
11905
38720
19360
42448
21224
10612
5306
2653
34094
49815
24907
12453
38994
19497
42516
54026
59781
29890
14945
7472
36504
51020
25510
12755
39145
52340
26170
13085
39310
19655
9827
4913
2456
33996
16998
8499
4249
2124
1062
531
33033
16516
41026
20513
10256
5128
35332
50434
25217
45376
22688
44112
22056
11028
38282
51909
25954
45745
22872
44204
54870
60203
62869
31434
48485
57010
61273
30636
48086
56811
61173
63354
31677
15838
7919
3959
34747
50141
57838
61687
63611
64573
32286
16143
40839
20419
42977
21488
43512
21756
43646
54591
27295
46415
55975
60755
63145
64340
64938
32469
16234
8117
36826
51181
25590
12795
39165
19582
42559
21279
43407
54471
27235
13617
6808
36172
18086
9043
37289
51412
58474
29237
47386
56461
60998
63267
31633
48584
57060
28530
47033
56284
28142
46839
56187
60861
30430
15215
7607
36571
18285
9142
4571
2285
1142
571
33053
49294
24647
12323
6161
35848
50692
58114
29057
47296
23648
44592
55064
60300
30150
47843
23921
11960
5980
2990
34263
17131
41333
53434
26717
46126
55831
27915
13957
6978
3489
1744
872
436
218
32877
16438
8219
4109
34822
50179
57857
61696
30848
15424
7712
36624
18312
41924
53730
59633
29816
14908
40222
20111
42823
21411
10705
38120
19060
9530
4765
35150
17575
41555
53545
59540
62538
64037
64786
32393
16196
40866
53201
59368
29684
14842
7421
3710
34623
17311
41423
53479
59507
29753
47644
23822
11911
5955
35745
17872
8936
4468
2234
1117
33326
49431
24715
12357
6178
35857
50696
58116
61826
30913
48224
56880
61208
63372
31686
48611
24305
12152
6076
35806
17903
8951
37243
51389
25694
12847
6423
3211
1605
802
33169
49352
57444
28722
47129
23564
11782
38659
52097
58816
29408
47472
56504
28252
14126
39831
19915
9957
37746
51641
58588
29294
47415
56475
28237
46886
23443
44489
22244
11122
38329
51932
25966
45751
55643
27821
13910
39723
52629
26314
45925
55730
60633
30316
47926
23963
11981
38758
19379
9689
4844
35190
17595
41565
53550
59543
29771
14885
40210
20105
10052
37794
51665
58600
29300
14650
7325
36430
18215
41875
53705
26852
13426
39481
52508
26254
13127
6563
3281
34408
17204
8602
37069
51302
25651
12825
6412
3206
34371
49953
24976
12488
39012
19506
42521
21260
10630
38083
51809
25904
45720
55628
27814
13907
39721
52628
59082
62309
63922
64729
32364
48950
24475
12237
38886
19443
9721
37628
51582
58559
29279
47407
23703
11851
5925
35730
17865
8932
4466
35001
50268
25134
45335
22667
11333
5666
35601
50568
58052
61794
63665
31832
48684
57110
61323
30661
15330
40433
20216
10108
37822
51679
58607
29303
47419
56477
61006
30503
48019
56777
28388
14194
39865
52700
26350
45943
55739
60637
63086
64311
64923
32461
48998
24499
12249
6124
35830
17915
41725
20862
43199
21599
43567
21783
10891
5445
2722
34129
49832
24916
45226
22613
11306
5653
2826
34181
17090
8545
4272
34904
50220
57878
61707
30853
15426
7713
3856
1928
33732
49634
57585
28792
14396
39966
19983
42759
21379
43457
54496
60016
62776
31388
15694
7847
36691
51113
58324
61930
30965
48250
24125
12062
6031
35783
17891
8945
4472
2236
33886
16943
8471
4235
2117
1058
33297
49416
57476
61506
30753
15376
7688
36612
51074
25537
45536
55536
60536
30268
47902
23951
44743
22371
11185
5592
35564
50550
25275
45405
55470
60503
30251
47893
23946
44741
22370
43953
21976
43756
54646
27323
46429
55982
60759
30379
47957
23978
11989
5994
2997
34266
49901
24950
12475
39005
52270
58903
29451
14725
7362
3681
1840
33688
49612
24806
12403
6201
35868
17934
8967
4483
35009
50272
57904
61720
63628
31814
48675
24337
44936
55236
60386
62961
31480
15740
40638
53087
59311
29655
14827
40181
52858
26429
13214
6607
36071
50803
25401
45468
22734
11367
38451
19225
9612
4806
35171
17585
8792
37164
51350
58443
29221
47378
23689
11844
38690
52113
58824
62180
31090
48313
56924
28462
46999
23499
11749
38642
52089
58812
62174
31087
15543
40539
20269
10134
37835
18917
42226
53881
59708
62622
31311
48423
56979
61257
30628
15314
7657
36596
18298
9149
4574
2287
1143
33339
49437
57486
28743
14371
7185
36360
50948
58242
29121
47328
56432
60984
30492
15246
7623
3811
1905
952
476
238
32887
49211
57373
61454
30727
15363
40449
52992
26496
13248
6624
36080
50808
25404
45470
22735
44135
54835
27417
13708
6854
36195
18097
9048
37292
51414
58475
62005
63770
64653
65094
65315
32657
49096
57316
28658
47097
56316
60926
63231
31615
15807
7903
36719
18359
41947
20973
10486
5243
35389
17694
8847
37191
18595
9297
37416
18708
42122
53829
26914
46225
55880
60708
30354
15177
7588
3794
1897
33716
16858
41197
20598
10299
37917
51726
25863
12931
39233
52384
58960
29480
14740
40138
52837
59186
62361
31180
15590
7795
3897
34716
17358
8679
37107
18553
42044
53790
26895
46215
23107
44321
22160
11080
38308
19154
9577
37556
18778
42157
21078
43307
54421
27210
46373
55954
27977
13988
6994
3497
34516
50026
25013
45274
55405
27702
13851
6925
36230
50883
58209
29104
47320
56428
60982
30491
15245
40390
52963
26481
13240
6620
3310
34423
49979
57757
61646
30823
48179
24089
12044
6022
35779
50657
25328
45432
22716
44126
22063
11031
5515
2757
1378
33457
16728
41132
53334
59435
62485
31242
48389
24194
12097
38816
52176
26088
13044
6522
3261
1630
815
407
203
101
32818
49177
24588
12294
38915
52225
58880
29440
14720
7360
3680
34608
50072
57804
28902
14451
7225
36380
18190
9095
4547
35041
17520
41528
20764
10382
5191
2595
1297
33416
49476
57506
61521
63528
31764
48650
57093
28546
14273
39904
52720
59128
29564
47550
56543
61039
30519
48027
24013
44774
22387
11193
38364
19182
42359
53947
59741
62638
64087
32043
48789
24394
44965
55250
27625
46580
23290
11645
5822
35679
50607
25303
12651
39093
52314
58925
29462
47499
23749
11874
38705
19352
42444
21222
10611
5305
35420
17710
41623
20811
10405
37970
18985
42260
53898
59717
29858
47697
56616
28308
46922
56229
60882
30441
47988
23994
11997
38766
52151
58843
29421
14710
7355
36445
50990
58263
29131
14565
40050
52793
59164
29582
14791
7395
3697
1848
924
462
231
32883
16441
40988
20494
10247
5123
35329
50432
25216
12608
6304
35920
17960
8980
37258
51397
25698
45617
22808
44172
22086
43811
21905
43720
54628
27314
46425
23212
44374
54955
60245
30122
15061
7530
3765
34650
50093
25046
45291
55413
60474
30237
47886
23943
11971
38753
19376
42456
53996
59766
29883
47709
56622
61079
30539
15269
40402
20201
42868
21434
10717
38126
51831
58683
62109
63822
31911
48723
57129
61332
63434
64485
65010
65273
65404
65470
65503
65519
32759
49147
57341
28670
47103
23551
11775
5887
2943
1471
735
33135
16567
41051
20525
10262
37899
18949
9474
4737
35136
17568
41552
20776
10388
37962
51749
58642
29321
14660
40098
52817
59176
29588
47562
56549
61042
63289
64412
32206
16103
40819
20409
42972
21486
43511
54523
60029
30014
47775
56655
61095
63315
64425
64980
65258
32629
49082
24541
45038
55287
60411
62973
31486
48511
24255
12127
38831
19415
9707
37621
51578
25789
12894
6447
3223
1611
805
33170
16585
8292
4146
34841
17420
8710
37123
51329
58432
29216
47376
23688
44612
55074
60305
62920
64228
32114
48825
57180
28590
47063
23531
44533
55034
27517
13758
39647
52591
26295
45915
22957
11478
38507
52021
58778
62157
63846
31923
15961
7980
36758
51147
25573
45554
55545
60540
63038
64287
64911
65223
32611
16305
8152
36844
51190
25595
45565
22782
44159
22079
11039
38287
51911
25955
12977
6488
36012
50774
58155
61845
30922
48229
56882
61209
30604
15302
40419
20209
10104
5052
35294
17647
8823
37179
51357
58446
29223
47379
56457
28228
46882
56209
60872
63204
31602
48569
57052
28526
47031
56283
28141
14070
7035
36285
18142
9071
4535
35035
17517
8758
4379
2189
33862
49699
24849
45192
55364
60450
62993
64264
64900
65218
32609
16304
40920
53228
59382
29691
47613
23806
44671
22335
11167
38351
51943
58739
29369
47452
23726
44631
22315
43925
21962
43749
54642
60089
62812
31406
48471
24235
44885
22442
11221
5610
2805
34170
17085
8542
4271
2135
1067
33301
16650
41093
20546
10273
5136
2568
34052
49794
24897
45216
55376
27688
13844
39690
52613
26306
13153
6576
36056
50796
58166
29083
14541
40038
20019
10009
5004
2502
34019
17009
8504
4252
2126
1063
33299
49417
24708
45122
22561
11280
5640
35588
50562
25281
45408
55472
60504
63020
64278
64907
32453
16226
40881
20440
42988
54262
27131
46333
23166
44351
22175
43855
54695
60115
62825
64180
32090
48813
24406
44971
55253
27626
13813
39674
19837
9918
37727
51631
25815
12907
39221
52378
58957
62246
31123
48329
24164
12082
38809
19404
9702
4851
2425
33980
49758
24879
12439
6219
3109
34322
17161
8580
37058
18529
9264
37400
51468
25734
45635
55585
27792
13896
39716
19858
9929
4964
2482
34009
17004
41270
20635
10317
37926
18963
42249
21124
43330
21665
10832
5416
2708
34122
49829
57682
28841
47188
56362
28181
14090
39813
19906
9953
4976
35256
17628
8814
37175
51355
25677
45606
22803
44169
22084
43810
54673
60104
62820
31410
48473
24236
44886
55211
60373
30186
15093
40314
20157
10078
5039
2519
1259
33397
49466
24733
45134
22567
44051
54793
27396
46466
23233
44384
54960
60248
62892
64214
64875
65205
65370
65453
32726
49131
57333
61434
30717
15358
40447
20223
10111
5055
2527
34031
17015
41275
53405
59470
29735
47635
56585
28292
46914
23457
11728
5864
2932
1466
733
33134
49335
57435
28717
14358
39947
19973
9986
4993
35264
17632
41584
53560
26780
13390
6695
36115
50825
25412
45474
55505
60520
30260
15130
40333
52934
59235
29617
14808
40172
52854
26427
45981
55758
27879
46707
23353
44444
22222
11111
38323
19161
9580
37558
18779
9389
4694
35115
50325
25162
45349
55442
27721
13860
6930
3465
1732
33634
49585
24792
45164
55350
27675
13837
39686
52611
59073
62304
63920
64728
65132
65334
32667
16333
40934
20467
10233
37884
51710
58623
29311
14655
7327
36431
50983
58259
61897
30948
15474
40505
53020
26510
13255
6627
3313
1656
828
33182
16591
41063
53299
26649
13324
6662
36099
50817
58176
29088
47312
23656
11828
5914
35725
50630
58083
29041
14520
7260
3630
34583
17291
8645
4322
34929
17464
8732
4366
2183
1091
33313
16656
8328
36932
51234
58385
61960
63748
64642
32321
48928
57232
28616
47076
23538
44537
55036
60286
62911
31455
48495
24247
44891
22445
11222
38379
51957
58746
29373
14686
7343
3671
1835
33685
16842
41189
53362
59449
62492
31246
15623
7811
36673
51104
58320
29160
14580
7290
3645
1822
911
33223
16611
8305
4152
2076
1038
519
259
32897
49216
24608
45072
22536
44036
54786
27393
46464
23232
11616
38576
52056
58796
62166
63851
64693
65114
65325
32662
49099
24549
45042
55289
60412
62974
64255
32127
16063
8031
36783
18391
9195
37365
51450
25725
12862
39199
52367
58951
29475
14737
40136
52836
26418
45977
22988
11494
5747
2873
34204
17102
8551
37043
18521
9260
37398
51467
25733
12866
6433
3216
1608
33572
16786
8393
4196
2098
33817
16908
8454
36995
51265
58400
61968
30984
48260
56898
28449
14224
7112
36324
18162
41849
53692
59614
29807
14903
40219
20109
42822
54179
27089
46312
23156
11578
5789
35662
17831
41683
53609
59572
29786
47661
23830
44683
22341
11170
38353
51944
25972
12986
6493
36014
50775
25387
45461
22730
44133
54834
60185
30092
15046
40291
20145
10072
37804
51670
58603
62069
63802
31901
48718
24359
44947
55241
27620
13810
39673
52604
59070
62303
63919
31959
15979
40757
53146
59341
62438
31219
15609
40572
53054
59295
62415
63975
64755
32377
48956
57246
28623
47079
56307
28153
46844
56190
60863
30431
47983
23991
44763
22381
11190
5595
2797
1398
699
33117
49326
57431
28715
47125
23562
44549
22274
11137
38336
19168
42352
53944
26972
13486
39511
19755
42645
21322
43429
54482
27241
46388
23194
44365
54950
27475
46505
56020
60778
30389
47962
56749
28374
46955
56245
60890
63213
31606
15803
40669
53102
59319
62427
31213
15606
7803
36669
18334
9167
37351
51443
25721
45628
55582
27791
46663
23331
11665
38600
52068
26034
45785
22892
44214
22107
11053
5526
35531
17765
41650
53593
26796
46166
55851
60693
30346
47941
23970
44753
55144
27572
13786
39661
19830
9915
37725
51630
58583
29291
47413
56474
61005
63270
31635
48585
24292
12146
38841
52188
26094
45815
55675
60605
30302
15151
7575
3787
1893
33714
49625
24812
45174
22587
44061
54798
27399
13699
39617
52576
59056
62296
63916
64726
65131
65333
65434
65485
65510
32755
16377
40956
53246
59391
29695
14847
7423
3711
1855
927
33231
49383
57459
28729
47132
23566
11783
5891
35713
50624
25312
45424
55480
27740
13870
39703
19851
9925
4962
35249
17624
41580
53558
26779
13389
39462
19731
42633
21316
43426
54481
60008
30004
15002
40269
52902
26451
45993
55764
60650
30325
47930
23965
44750
22375
43955
21977
10988
38262
19131
42333
53934
59735
29867
47701
23850
11925
5962
35749
50642
25321
45428
22714
11357
38446
51991
25995
12997
6498
36017
18008
41772
53654
59595
29797
47666
56601
28300
14150
39843
19921
42728
21364
10682
5341
35438
50487
58011
29005
47270
23635
44585
55060
60298
62917
31458
48497
24248
12124
6062
35799
17899
41717
53626
26813
13406
6703
3351
1675
837
418
32977
49256
24628
12314
38925
52230
58883
62209
63872
31936
15968
40752
53144
59340
29670
14835
7417
36476
51006
58271
61903
63719
64627
32313
48924
24462
12231
6115
3057
1528
764
33150
49343
24671
45103
22551
11275
5637
2818
1409
33472
16736
41136
53336
59436
62486
64011
32005
16002
8001
36768
51152
25576
12788
6394
3197
1598
33567
49551
57543
28771
14385
7192
36364
18182
41859
53697
59616
62576
64056
32028
16014
8007
4003
2001
33768
16884
8442
4221
2110
33823
49679
57607
28803
47169
56352
60944
30472
48004
56770
28385
14192
39864
19932
9966
37751
51643
58589
62062
63799
64667
32333
48934
24467
45001
22500
11250
38393
51964
58750
62143
31071
48303
24151
12075
38805
19402
42469
54002
59769
62652
64094
32047
16023
8011
4005
34770
17385
41460
20730
10365
5182
35359
50447
57991
28995
47265
23632
11816
5908
35722
50629
25314
45425
22712
11356
5678
35607
17803
8901
4450
34993
17496
41516
53526
59531
29765
14882
40209
52872
59204
62370
63953
64744
32372
16186
8093
36814
18407
41971
20985
43260
54398
59967
29983
47759
56647
28323
14161
39848
19924
42730
21365
43450
21725
43630
54583
60059
30029
47782
23891
44713
55124
60330
30165
15082
7541
36538
18269
41902
53719
26859
46197
55866
27933
46734
23367
11683
5841
35688
17844
8922
37229
18614
9307
4653
2326
33931
16965
8482
37009
51272
58404
29202
14601
7300
36418
18209
9104
4552
35044
17522
41529
53532
26766
13383
6691
3345
34440
49988
57762
61649
63592
31796
15898
40717
53126
59331
62433
31216
48376
24188
44862
55199
60367
62951
64243
32121
48828
57182
28591
14295
7147
36341
50938
25469
12734
39135
52335
26167
45851
22925
44230
54883
27441
13720
39628
19814
9907
4953
2476
34006
49771
57653
61594
63565
64550
32275
48905
24452
44994
22497
11248
38392
19196
42366
53951
26975
46255
23127
11563
38549
19274
42405
53970
26985
46260
23130
44333
22166
43851
21925
43730
21865
43700
21850
43693
21846
43691
54613
27306
13653
6826
3413
1706
853
426
213
106
53
32794
49165
57350
61443
63489
64512
32256
16128
8064
4032
2016
33776
49656
24828
45182
55359
27679
46607
56071
28035
46785
56160
60848
63192
64364
64950
32475
16237
8118
4059
2029
1014
507
33021
16510
41023
20511
43023
54279
27139
46337
55936
27968
13984
39760
19880
9940
37738
18869
42202
53869
26934
13467
6733
36134
18067
41801
20900
10450
5225
35380
17690
41613
53574
59555
29777
47656
23828
44682
55109
27554
46545
56040
28020
14010
7005
36270
50903
25451
45493
55514
60525
30262
15131
7565
36550
51043
25521
12760
39148
52342
26171
45853
55694
27847
13923
6961
3480
34508
17254
8627
4313
2156
33846
16923
8461
36998
51267
58401
29200
14600
40068
52802
26401
13200
6600
36068
18034
41785
53660
26830
13415
39475
19737
9868
4934
35235
17617
41576
20788
10394
37965
51750
25875
45705
22852
44194
54865
60200
30100
47818
56677
61106
63321
31660
48598
57067
61301
63418
31709
48622
57079
61307
63421
31710
15855
7927
36731
51133
25566
12783
6391
35963
50749
25374
12687
39111
19555
9777
4888
35212
17606
41571
20785
10392
37964
18982
9491
37513
18756
42146
53841
59688
29844
47690
56613
61074
30537
15268
7634
3817
34676
17338
8669
37102
51319
58427
61981
63758
31879
15939
40737
20368
10184
37860
18930
42233
53884
59710
62623
64079
64807
65171
65353
32676
16338
8169
36852
18426
9213
4606
35071
17535
8767
4383
34959
50247
25123
12561
39048
52292
58914
62225
63880
64708
65122
65329
32664
49100
24550
12275
6137
35836
50686
58111
29055
14527
7263
36399
18199
9099
4549
2274
33905
16952
8476
4238
2119
1059
529
33032
49284
57410
28705
14352
7176
36356
50946
25473
45504
22752
44144
54840
27420
13710
6855
3427
1713
856
33196
49366
57451
61493
63514
64525
65030
65283
65409
65472
32736
49136
57336
28668
47102
56319
28159
14079
7039
3519
1759
33647
16823
41179
20589
10294
5147
2573
34054
49795
57665
61600
63568
31784
15892
40714
53125
26562
13281
6640
36088
18044
41790
53663
59599
62567
64051
32025
16012
8006
36771
18385
41960
20980
10490
5245
2622
34079
49807
57671
28835
14417
39976
19988
42762
54149
27074
13537
6768
36152
18076
9038
4519
35027
50281
57908
28954
47245
56390
60963
30481
48008
56772
61154
63345
31672
15836
7918
36727
51131
58333
61934
63735
64635
65085
32542
16271
40903
20451
10225
5112
2556
34046
49791
24895
12447
38991
52263
58899
62217
31108
48322
24161
12080
38808
52172
26086
13043
6521
36028
50782
25391
12695
6347
3173
34354
49945
24972
12486
39011
19505
9752
37644
18822
42179
53857
26928
46232
55884
27942
13971
39753
19876
9938
4969
35252
17626
41581
20790
10395
5197
35366
17683
41609
20804
43170
54353
59944
29972
47754
56645
28322
46929
56232
28116
46826
23413
44474
22237
43886
54711
60123
30061
15030
7515
3757
1878
33707
49621
24810
12405
38970
19485
42510
21255
10627
38081
51808
58672
62104
63820
31910
15955
40745
53140
59338
62437
63986
64761
65148
65342
65439
65487
65511
65523
32761
49148
57342
61439
30719
15359
7679
3839
1919
959
479
33007
16503
41019
53277
59406
29703
14851
40193
52864
26432
13216
39376
19688
9844
4922
2461
33998
16999
41267
20633
10316
5158
2579
34057
17028
41282
20641
10320
5160
2580
34058
49797
24898
12449
6224
3112
1556
33546
49541
24770
12385
6192
35864
50700
25350
45443
55489
60512
63024
64280
64908
32454
48995
24497
12248
38892
52214
26107
45821
22910
44223
22111
43823
21911
10955
5477
35506
50521
25260
45398
55467
60501
30250
15125
7562
36549
18274
41905
20952
43244
54390
27195
46365
55950
27975
13987
6993
36264
18132
41834
20917
43226
54381
27190
13595
6797
36166
50851
25425
45480
22740
44138
22069
43802
54669
60102
62819
31409
15704
40620
53078
59307
62421
31210
15605
40570
20285
10142
5071
35303
50419
25209
45372
55454
27727
46631
56083
60809
30404
47970
56753
28376
46956
56246
28123
14061
7030
3515
34525
50030
57783
61659
30829
15414
7707
3853
34694
50115
57825
28912
47224
23612
44574
22287
43911
21955
43745
21872
43704
21852
10926
38231
19115
42325
21162
10581
5290
2645
1322
661
330
32933
49234
24617
45076
55306
60421
30210
15105
40320
20160
10080
37808
51672
58604
62070
31035
48285
56910
28455
46995
56265
28132
14066
39801
52668
59102
29551
14775
40155
20077
10038
5019
2509
34022
17011
8505
37020
18510
9255
37395
51465
25732
45634
22817
11408
5704
35620
17810
8905
4452
2226
33881
16940
41238
53387
26693
13346
39441
52488
59012
62274
31137
15568
7784
3892
1946
33741
49638
24819
12409
38972
52254
26127
45831
22915
44225
54880
60208
62872
64204
32102
16051
8025
4012
34774
50155
57845
61690
30845
15422
40479
53007
59271
29635
47585
23792
44664
22332
43934
21967
43751
54643
27321
46428
23214
44375
22187
43861
21930
10965
5482
2741
34138
49837
24918
45227
55381
27690
13845
6922
36229
18114
9057
4528
35032
50284
57910
28955
14477
40006
52771
26385
45960
55748
60642
63089
31544
15772
7886
3943
34739
17369
8684
37110
18555
42045
21022
10511
38023
19011
42273
21136
10568
38052
19026
9513
37524
51530
58533
62034
31017
48276
56906
61221
63378
31689
15844
7922
36729
51132
58334
29167
14583
40059
52797
26398
13199
39367
19683
9841
4920
2460
1230
615
33075
16537
8268
4134
2067
33801
16900
41218
20609
43072
21536
43536
21768
43652
54594
27297
13648
6824
3412
34474
17237
8618
4309
2154
1077
33306
49421
57478
61507
63521
31760
15880
40708
53122
26561
46048
55792
60664
30332
47934
56735
61135
63335
64435
32217
16108
40822
20411
42973
54254
59895
62715
64125
32062
48799
57167
61351
63443
64489
65012
32506
16253
8126
36831
51183
25591
45563
55549
27774
46655
23327
44431
54983
27491
13745
6872
36204
50870
25435
12717
6358
35947
50741
58138
61837
63686
64611
32305
16152
40844
20422
42979
21489
10744
5372
35454
50495
25247
45391
55463
60499
63017
64276
64906
65221
32610
49073
24536
45036
55286
27643
46589
23294
44415
22207
11103
38319
19159
9579
37557
51546
58541
29270
47403
56469
28234
46885
56210
28105
14052
7026
36281
50908
25454
45495
55515
27757
13878
6939
3469
34502
50019
25009
12504
39020
52278
26139
13069
39302
52419
58977
29488
47512
56524
28262
14131
7065
3532
1766
883
441
32988
16494
41015
53275
26637
46086
55811
60673
63104
31552
15776
40656
20328
10164
5082
35309
17654
8827
37181
18590
9295
37415
51475
58505
29252
47394
56465
61000
63268
31634
15817
7908
3954
34745
50140
25070
45303
55419
60477
30238
15119
40327
20163
42849
21424
43480
54508
60022
30011
47773
56654
28327
46931
56233
60884
63210
31605
48570
24285
44910
55223
60379
30189
15094
7547
36541
18270
9135
4567
2283
33909
49722
24861
45198
22599
11299
5649
35592
50564
58050
29025
14512
40024
52780
59158
62347
31173
15586
40561
20280
10140
5070
2535
34035
17017
41276
53406
26703
46119
55827
60681
30340
47938
23969
11984
5992
2996
1498
33517
16758
8379
36957
51246
58391
29195
14597
7298
3649
34592
50064
25032
45284
22642
44089
54812
27406
13703
6851
36193
18096
41816
53676
59606
62571
64053
64794
65165
65350
65443
32721
49128
24564
12282
6141
3070
34303
17151
8575
4287
2143
33839
16919
8459
4229
2114
1057
528
264
32900
49218
24609
12304
6152
35844
50690
25345
45440
22720
11360
38448
51992
58764
29382
47459
23729
11864
38700
52118
58827
29413
47474
56505
61020
30510
48023
24011
12005
38770
52153
58844
29422
47479
56507
61021
63278
64407
32203
16101
40818
53177
59356
29678
47607
56571
61053
30526
48031
56783
61159
63347
31673
48604
24302
44919
55227
60381
62958
64247
64891
65213
32606
16303
8151
4075
34805
50170
25085
12542
39039
19519
9759
37647
51591
25795
45665
22832
44184
54860
27430
13715
39625
19812
9906
37721
18860
42198
53867
59701
62618
64077
64806
32403
48969
24484
12242
6121
35828
17914
8957
4478
35007
17503
41519
20759
10379
5189
2594
34065
49800
57668
61602
63569
64552
32276
48906
57221
28610
14305
7152
36344
18172
41854
53695
26847
46191
23095
44315
22157
43846
54691
27345
46440
23220
11610
38573
19286
42411
53973
26986
13493
39514
52525
26262
45899
22949
44242
22121
43828
21914
43725
54630
27315
13657
6828
36182
50859
58197
29098
14549
7274
3637
34586
50061
57798
61667
30833
15416
7708
3854
1927
963
33249
16624
41080
20540
43038
21519
43527
21763
43649
54592
27296
46416
23208
11604
38570
19285
9642
4821
2410
1205
33370
49453
24726
45131
22565
44050
22025
11012
38274
19137
42336
53936
59736
62636
64086
64811
65173
32586
49061
57298
28649
47092
23546
11773
5886
35711
17855
8927
37231
18615
42075
21037
10518
38027
19013
9506
37521
51528
58532
29266
14633
40084
52810
59173
62354
31177
15588
7794
36665
51100
25550
12775
39155
19577
42556
54046
27023
46279
23139
11569
5784
35660
17830
8915
37225
51380
25690
45613
22806
44171
22085
11042
38289
51912
58724
29362
47449
23724
44630
55083
60309
30154
47845
56690
61113
63324
31662
48599
24299
44917
55226
27613
46574
56055
60795
63165
31582
15791
7895
3947
34741
50138
57837
28918
14459
39997
19998
9999
37767
18883
42209
21104
43320
21660
10830
5415
35475
50505
25252
12626
6313
35924
50730
25365
12682
39109
19554
42545
21272
43404
21702
43619
21809
10904
38220
19110
9555
37545
51540
58538
29269
14634
7317
3658
34597
50066
25033
12516
6258
35897
50716
25358
12679
6339
35937
17968
41752
53644
26822
46179
23089
11544
38540
19270
42403
21201
43368
21684
10842
38189
19094
42315
21157
43346
21673
43604
54570
27285
13642
39589
52562
26281
45908
55722
27861
13930
6965
36250
50893
58214
29107
14553
7276
36406
18203
9101
37318
51427
25713
12856
6428
3214
1607
803
401
32968
49252
24626
45081
22540
11270
38403
51969
58752
29376
14688
40112
52824
59180
62358
63947
31973
48754
57145
61340
30670
15335
40435
20217
42876
54206
59871
62703
31351
48443
56989
61262
30631
48083
56809
61172
30586
15293
7646
3823
1911
33723
49629
57582
61559
63547
64541
65038
32519
16259
40897
53216
59376
62456
31228
48382
56959
28479
14239
39887
52711
59123
29561
47548
56542
28271
14135
39835
19917
42726
21363
10681
38108
19054
42295
53915
26957
46246
23123
44329
54932
60234
62885
64210
32105
48820
24410
44973
22486
44011
54773
60154
30077
15038
40287
52911
26455
13227
39381
19690
9845
37690
18845
42190
21095
43315
21657
10828
5414
2707
34121
17060
8530
4265
34900
50218
25109
12554
39045
19522
9761
4880
2440
33988
49762
57649
28824
47180
23590
11795
38665
19332
42434
21217
10608
38072
19036
9518
37527
18763
9381
37458
18729
42132
53834
59685
62610
31305
15652
7826
3913
1956
978
489
33012
16506
8253
4126
2063
33799
16899
41217
53376
26688
13344
39440
19720
42628
54082
27041
13520
6760
3380
1690
33613
49574
24787
45161
55348
27674
46605
56070
60803
63169
64352
64944
65240
65388
65462
32731
16365
8182
4091
34813
17406
41471
20735
10367
5183
2591
34063
49799
24899
45217
22608
11304
5652
35594
50565
25282
12641
6320
35928
50732
58134
61835
30917
15458
40497
20248
42892
21446
43491
21745
10872
5436
35486
17743
41639
53587
59561
62548
64042
32021
16010
40773
20386
42961
54248
27124
13562
6781
3390
34463
49999
57767
61651
63593
64564
32282
48909
57222
61379
63457
31728
48632
24316
44926
55231
27615
46575
23287
44411
54973
27486
13743
6871
3435
34485
50010
57773
28886
47211
56373
60954
63245
64390
64963
65249
32624
49080
24540
12270
38903
52219
58877
29438
47487
23743
11871
38703
19351
9675
4837
35186
50361
57948
28974
47255
23627
11813
38674
19337
9668
37602
51569
25784
12892
6446
35991
17995
8997
37266
18633
9316
4658
35097
17548
8774
37155
18577
42056
53796
26898
13449
6724
36130
50833
58184
61860
30930
15465
40500
20250
42893
54214
59875
29937
14968
7484
36510
18255
41895
53715
59625
62580
31290
15645
40590
20295
10147
5073
35304
17652
8826
4413
2206
1103
33319
49427
57481
28740
47138
56337
60936
63236
64386
32193
48864
57200
61368
30684
15342
40439
52987
59261
29630
47583
56559
28279
46907
56221
60878
30439
47987
23993
44764
22382
43959
54747
27373
13686
6843
36189
50862
58199
29099
47317
23658
11829
38682
52109
58822
62179
31089
15544
7772
3886
34711
17355
8677
37106
51321
58428
61982
30991
48263
24131
44833
22416
11208
38372
19186
42361
53948
59742
29871
14935
7467
36501
18250
41893
53714
26857
46196
23098
11549
38542
19271
9635
4817
35176
17588
8794
37165
18582
42059
21029
43282
21641
10820
38178
51857
58696
62116
31058
15529
40532
53034
26517
13258
39397
52466
59001
62268
63902
31951
48743
57139
28569
14284
7142
3571
1785
33660
49598
57567
61551
30775
48155
24077
44806
55171
60353
62944
64240
64888
32444
48990
24495
12247
6123
35829
50682
25341
12670
39103
19551
42543
21271
10635
5317
2658
34097
17048
41292
20646
10323
37929
51732
58634
62085
31042
15521
7760
3880
1940
33738
49637
57586
61561
63548
64542
32271
48903
24451
44993
55264
60400
62968
31484
48510
57023
28511
47023
23511
11755
38645
52090
26045
13022
6511
3255
34395
17197
8598
37067
18533
42034
53785
26892
13446
39491
52513
26256
13128
39332
19666
9833
37684
18842
42189
53862
26931
13465
6732
3366
1683
33609
16804
8402
4201
34868
17434
41485
53510
59523
62529
64032
64784
32392
48964
57250
61393
63464
31732
15866
7933
3966
34751
17375
41455
20727
43131
54333
27166
13583
39559
19779
42657
21328
10664
5332
35434
17717
41626
53581
59558
29779
47657
56596
61066
63301
31650
48593
57064
28532
14266
7133
36334
50935
58235
61885
30942
15471
7735
36635
18317
41926
53731
26865
13432
6716
36126
18063
41799
20899
10449
37992
18996
9498
37517
51526
58531
29265
47400
23700
44618
55077
60306
30153
15076
7538
36537
51036
25518
45527
22763
44149
54842
27421
46478
23239
11619
5809
2904
34220
49878
57707
61621
63578
64557
32278
48907
24453
12226
6113
3056
34296
17148
41342
53439
26719
46127
23063
11531
5765
2882
1441
720
360
180
90
32813
16406
40971
20485
10242
5121
35328
17664
8832
4416
2208
33872
16936
8468
37002
51269
25634
45585
55560
60548
63042
31521
15760
7880
36708
18354
41945
20972
43254
21627
43581
21790
10895
38215
19107
9553
37544
18772
42154
21077
10538
5269
2634
34085
49810
24905
12452
6226
3113
34324
49930
57733
28866
14433
7216
36376
50956
25478
45507
55521
27760
46648
23324
11662
5831
2915
1457
728
33132
49334
24667
12333
6166
35851
17925
8962
4481
35008
17504
41520
53528
59532
29766
47651
23825
44680
55108
60322
62929
64232
32116
16058
8029
36782
51159
25579
45557
55546
27773
13886
39711
52623
59079
29539
14769
7384
36460
50998
25499
12749
39142
19571
9785
37660
18830
9415
4707
2353
1176
33356
16678
8339
36937
18468
9234
4617
2308
33922
16961
41248
53392
26696
46116
23058
11529
5764
35650
17825
8912
4456
2228
1114
33325
16662
41099
20549
10274
37905
51720
58628
62082
31041
48288
56912
28456
14228
39882
52709
59122
62329
63932
64734
32367
16183
40859
20429
42982
21491
10745
38140
51838
58687
29343
47439
56487
61011
63273
64404
64970
65253
65394
65465
65500
32750
49143
57339
61437
30718
48127
24063
12031
6015
3007
1503
33519
16759
41147
53341
59438
62487
31243
15621
7810
3905
34720
50128
25064
12532
6266
3133
1566
783
33159
16579
41057
20528
43032
54284
27142
46339
55937
60736
30368
47952
23976
11988
38762
19381
42458
53997
26998
13499
39517
52526
59031
29515
14757
40146
20073
42804
21402
43469
54502
27251
13625
39580
19790
9895
37715
51625
58580
62058
31029
48282
56909
61222
30611
48073
24036
12018
38777
52156
58846
29423
14711
40123
52829
59182
62359
31179
15589
40562
53049
59292
29646
14823
40179
20089
42812
54174
27087
46311
55923
27961
46748
23374
11687
38611
52073
58804
29402
47469
23734
11867
5933
2966
34251
17125
41330
53433
59484
29742
47639
23819
11909
5954
2977
1488
744
372
186
93
32814
49175
24587
12293
6146
3073
34304
17152
8576
4288
2144
33840
49688
57612
28806
47171
56353
28176
14088
39812
52674
26337
13168
39352
19676
9838
37687
51611
25805
45670
22835
11417
5708
2854
1427
33481
16740
8370
36953
18476
42006
53771
26885
13442
6721
36128
50832
25416
45476
22738
11369
38452
19226
42381
53958
59747
29873
14936
40236
52886
59211
29605
47570
23785
44660
22330
11165
38350
19175
42355
21177
43356
21678
43607
21803
43669
21834
43685
54610
27305
46420
55978
27989
13994
6997
3498
1749
874
437
32986
49261
24630
12315
6157
35846
50691
58113
61824
30912
15456
40496
53016
59276
29638
47587
23793
11896
5948
35742
17871
41703
53619
26809
46172
23086
44311
22155
11077
5538
35537
50536
25268
12634
39085
19542
42539
54037
27018
46277
23138
44337
22168
43852
21926
10963
38249
51892
25946
45741
22870
44203
54869
27434
13717
6858
36197
50866
58201
29100
47318
56427
60981
63258
64397
64966
65251
32625
16312
8156
4078
34807
50171
57853
28926
47231
23615
11807
38671
52103
26051
45793
22896
44216
22108
11054
38295
19147
9573
37554
51545
25772
45654
55595
60565
30282
47909
56722
28361
14180
7090
36313
18156
41846
20923
43229
54382
59959
62747
31373
48454
56995
28497
47016
23508
44522
22261
43898
21949
10974
5487
2743
34139
17069
8534
37035
51285
25642
12821
6410
35973
17986
8993
4496
2248
33892
16946
41241
20620
10310
37923
18961
42248
53892
59714
29857
14928
7464
3732
34634
50085
57810
28905
47220
23610
11805
38670
19335
9667
37601
18800
42168
21084
10542
38039
19019
9509
37522
18761
9380
4690
2345
33940
49738
57637
61586
30793
15396
7698
3849
1924
33730
16865
8432
36984
18492
42014
21007
43271
21635
43585
54560
60048
30024
47780
23890
11945
38740
52138
26069
13034
6517
36026
18013
41774
53655
26827
13413
39474
52505
26252
13126
39331
19665
42600
21300
10650
38093
51814
25907
12953
6476
3238
1619
33577
49556
57546
61541
63538
64537
32268
16134
40835
53185
59360
62448
63992
31996
48766
57151
28575
47055
56295
60915
30457
47996
56766
61151
63343
31671
48603
24301
12150
6075
35805
50670
58103
61819
63677
31838
15919
7959
3979
1989
994
33265
16632
8316
36926
51231
58383
61959
30979
48257
56896
28448
46992
23496
44516
22258
43897
54716
60126
30063
15031
40283
20141
10070
37803
51669
25834
12917
39226
19613
42574
21287
43411
54473
27236
13618
39577
19788
9894
4947
35241
50388
57962
28981
47258
56397
60966
30483
48009
24004
44770
55153
27576
13788
6894
36215
50875
58205
61870
63703
31851
48693
57114
61325
63430
64483
32241
16120
8060
36798
51167
58351
29175
47355
56445
28222
46879
56207
60871
30435
15217
7608
3804
1902
33719
49627
24813
12406
6203
35869
50702
25351
12675
39105
52320
58928
62232
63884
31942
48739
24369
12184
38860
19430
9715
4857
35196
50366
57951
61743
30871
15435
7717
36626
18313
9156
37346
51441
25720
12860
39198
19599
42567
21283
10641
38088
51812
25906
45721
22860
11430
5715
35625
50580
58058
61797
63666
64601
32300
48918
57227
28613
14306
39921
19960
9980
37758
51647
25823
45679
22839
44187
22093
43814
21907
43721
21860
10930
38233
19116
42326
53931
59733
29866
14933
7466
3733
1866
33701
49618
24809
45172
22586
11293
38414
19207
9603
37569
51552
58544
62040
63788
64662
65099
32549
49042
24521
12260
6130
35833
50684
58110
61823
30911
15455
40495
20247
10123
5061
2530
34033
17016
8508
37022
18511
42023
53779
59657
29828
47682
23841
11920
5960
35748
17874
8937
37236
18618
9309
37422
51479
25739
12869
6434
35985
50760
58148
29074
14537
7268
3634
34585
17292
8646
37091
18545
9272
4636
2318
1159
579
33057
16528
8264
36900
18450
9225
4612
35074
17537
41536
20768
43152
21576
43556
21778
10889
5444
35490
50513
58024
29012
47274
23637
11818
5909
2954
34245
17122
41329
20664
10332
5166
35351
17675
8837
4418
2209
1104
552
276
32906
49221
24610
45073
55304
60420
62978
31489
48512
24256
12128
38832
52184
58860
62198
31099
48317
24158
12079
6039
3019
1509
33522
49529
57532
61534
30767
15383
7691
3845
1922
961
33248
49392
57464
28732
47134
23567
44551
22275
43905
54720
27360
46448
55992
27996
13998
39767
19883
42709
21354
10677
38106
51821
25910
12955
6477
36006
18003
41769
53652
59594
62565
64050
64793
32396
16198
40867
20433
42984
21492
10746
5373
2686
34111
17055
41295
53415
59475
62505
64020
64778
65157
32578
16289
8144
4072
2036
1018
509
254
32895
16447
8223
36879
51207
25603
45569
55552
27776
13888
6944
36240
18120
41828
20914
43225
21612
43574
21787
10893
38214
51875
25937
45736
22868
44202
22101
11050
5525
2762
34149
49842
57689
28844
47190
56363
60949
30474
48005
24002
12001
6000
35768
17884
8942
37239
51387
58461
61998
63767
31883
15941
7970
36753
51144
58340
29170
47353
56444
60990
63263
64399
64967
32483
16241
8120
4060
2030
33783
49659
57597
28798
47167
23583
44559
55047
27523
46529
56032
60784
63160
31580
15790
40663
20331
42933
54234
59885
29942
14971
40253
20126
10063
37799
51667
58601
62068
31034
15517
40526
20263
42899
54217
27108
13554
39545
52540
59038
29519
47527
56531
61033
63284
31642
48589
57062
28531
14265
39900
19950
42743
54139
59837
29918
14959
7479
36507
18253
41894
20947
43241
54388
27194
13597
39566
19783
9891
4945
35240
17620
41578
20789
43162
54349
59942
29971
47753
23876
44706
55121
60328
30164
47850
23925
44730
22365
43950
54743
27371
46453
55994
27997
46766
56151
28075
46805
23402
11701
38618
52077
26038
13019
6509
3254
1627
813
406
32971
16485
41010
53273
26636
13318
39427
52481
59008
29504
14752
40144
20072
10036
5018
35277
50406
25203
12601
39068
19534
9767
37651
51593
25796
45666
55601
27800
46668
23334
11667
38601
19300
9650
37593
18796
42166
21083
10541
5270
35403
17701
41618
20809
10404
5202
2601
34068
49802
57669
28834
47185
56360
28180
46858
56197
28098
14049
7024
36280
18140
9070
37303
51419
25709
12854
6427
3213
34374
49955
24977
45256
55396
27698
46617
23308
11654
38595
52065
26032
45784
55660
60598
30299
15149
7574
36555
18277
41906
53721
26860
46198
23099
44317
54926
27463
13731
6865
36200
18100
9050
37293
18646
42091
53813
59674
62605
64070
64803
32401
48968
57252
28626
14313
39924
19962
9981
4990
35263
17631
41583
20791
43163
21581
43558
21779
43657
21828
43682
54609
60072
30036
47786
23893
11946
5973
2986
1493
746
373
32954
16477
41006
53271
26635
13317
6658
3329
34432
17216
8608
37072
18536
9268
4634
35085
50310
57923
61729
30864
15432
40484
20242
10121
5060
35298
50417
25208
12604
39070
19535
42535
54035
59785
29892
47714
56625
28312
46924
23462
11731
38633
52084
26042
13021
39278
52407
58971
29485
14742
40139
20069
42802
54169
27084
13542
6771
3385
34460
17230
8615
37075
51305
58420
29210
47373
56454
60995
63265
31632
15816
40676
20338
42937
54236
27118
46327
55931
60733
30366
15183
40359
52947
59241
62388
31194
48365
24182
12091
38813
52174
26087
45811
22905
44220
54878
27439
13719
6859
3429
34482
50009
25004
45270
55403
60469
63002
64269
64902
65219
65377
32688
49112
57324
61430
30715
48125
24062
44799
22399
11199
